---
{
  "schema_version": "authorship/4.0.0",
  "git_ai_version": "development:1.1.21",
  "base_commit_sha": "be2a1fbf99c2bf72134b83ec722572e4e28cb5a0",
  "prompts": {},
  "change_history": [
    {
      "timestamp": 1774583659,
      "kind": "human",
      "files": {
        "ai-plans/debug_log.txt": {
          "added_lines": [
            [
              1,
              4
            ],
            [
              10,
              74
            ],
            [
              76,
              76
            ],
            [
              79,
              79
            ],
            [
              83,
              118
            ],
            [
              120,
              120
            ],
            [
              126,
              126
            ],
            [
              128,
              128
            ],
            [
              131,
              131
            ],
            [
              134,
              135
            ],
            [
              138,
              138
            ],
            [
              142,
              145
            ],
            [
              149,
              149
            ],
            [
              151,
              151
            ],
            [
              154,
              154
            ],
            [
              157,
              158
            ],
            [
              161,
              161
            ],
            [
              165,
              168
            ],
            [
              172,
              173
            ],
            [
              175,
              175
            ],
            [
              178,
              179
            ],
            [
              182,
              183
            ],
            [
              188,
              189
            ],
            [
              192,
              193
            ],
            [
              196,
              197
            ],
            [
              203,
              206
            ],
            [
              210,
              210
            ],
            [
              212,
              212
            ],
            [
              215,
              215
            ],
            [
              218,
              219
            ],
            [
              224,
              225
            ],
            [
              238,
              242
            ],
            [
              244,
              244
            ],
            [
              247,
              248
            ],
            [
              251,
              252
            ],
            [
              255,
              256
            ],
            [
              259,
              260
            ],
            [
              262,
              262
            ],
            [
              265,
              266
            ],
            [
              269,
              270
            ],
            [
              273,
              278
            ],
            [
              284,
              287
            ],
            [
              293,
              309
            ]
          ],
          "deleted_lines": [
            [
              1,
              35
            ],
            [
              37,
              40
            ],
            [
              45,
              45
            ],
            [
              47,
              47
            ],
            [
              50,
              50
            ],
            [
              54,
              55
            ],
            [
              57,
              57
            ],
            [
              63,
              83
            ],
            [
              85,
              85
            ],
            [
              88,
              88
            ],
            [
              91,
              92
            ],
            [
              95,
              100
            ],
            [
              104,
              107
            ],
            [
              111,
              111
            ],
            [
              113,
              113
            ],
            [
              116,
              116
            ],
            [
              119,
              128
            ],
            [
              131,
              136
            ],
            [
              140,
              143
            ],
            [
              147,
              150
            ],
            [
              152,
              152
            ],
            [
              155,
              168
            ],
            [
              171,
              184
            ],
            [
              189,
              190
            ],
            [
              193,
              194
            ],
            [
              197,
              198
            ],
            [
              204,
              207
            ],
            [
              211,
              211
            ],
            [
              213,
              213
            ],
            [
              216,
              216
            ],
            [
              219,
              220
            ],
            [
              225,
              226
            ],
            [
              239,
              240
            ],
            [
              242,
              242
            ],
            [
              245,
              246
            ],
            [
              249,
              260
            ],
            [
              263,
              264
            ],
            [
              267,
              268
            ],
            [
              270,
              292
            ],
            [
              295,
              296
            ],
            [
              299,
              300
            ],
            [
              303,
              304
            ],
            [
              310,
              313
            ],
            [
              319,
              421
            ]
          ]
        }
      },
      "line_stats": {
        "additions": 198,
        "deletions": 310,
        "additions_sloc": 198,
        "deletions_sloc": 308
      }
    }
  ]
}
